    0.9349     0.9147      0.946     0.4971          0          0          0    0.03099     0.6555      1.006
    0.9421      0.946     0.9569     0.5142          0          0          0    0.04301     0.8778      1.017
    0.9357     0.9496     0.9594     0.5149          0          0          0    0.06111      1.158      1.148
    0.9406     0.9419     0.9576     0.5061          0          0          0    0.08606      1.532      1.048
     0.924     0.9228     0.9431      0.486          0          0          0     0.1179      2.087      1.273
    0.9066     0.8847     0.9147     0.4472          0          0          0     0.1575      3.402       1.08
    0.8662     0.8406     0.8669     0.3953          0          0          0     0.4587       5.32      1.148
    0.8089     0.7554     0.7793     0.3271          0          0          0     0.2521      4.034       1.15
    0.7385     0.6361     0.6705     0.2568          0          0          0      4.501      39.18      1.379
    0.6603     0.5098     0.5351     0.1885          0          0          0     0.3709      6.408      1.411
    0.5783     0.4012     0.4055      0.137          0          0          0     0.5445      12.62      1.555
